VCD info: dumpfile test.vcd opened for output.
hello
00,109goal,  0
start  17 goal 109
out0= 64
255,255,255,255,255,255,255,255,255,255,255,255,255,255,
255,255,255,255,255,255,255,255,255,255,255,255,255,255,
255,255,255,255,255,255,255,255,255,255,255,255,255,255,
255,255,255,255,255,255,255,255,255,255,255,255,255,255,
255,255,255,255,255,255,255,255,255,255,255,255,255,255,
255,255,255,255,255,255,255,255,255,255,255,255,  0,255,

exit 000,dig_exit0
exit 000,dig_exit0
127,255,255,255,255,255,255,255,255,255,255,255,255,255,
255,255,255,255,255,255,255,255,255,255,255,255,255,255,
255,255,255,255,255,255,255,255,255,255,255,255,255,255,
255,255,255,255,255,255,255,255,255,255,255,255,255,255,
255,255,255,255,255,255,255,255,255,255,255,255,  2,255,
255,255,255,255,255,255,255,255,255,255,255,255,  0,255,

127,125,255,255,255,255,255,255,255,255,255,255,255,255,
125,255,255,255,255,255,255,255,255,255,255,255,255,255,
255,255,255,255,255,255,255,255,255,255,255,255,255,255,
255,255,255,255,255,255,255,255,255,255,255,255,  3,255,
255,255,255,255,255,255,255,255,255,255,255,  3,  2,  3,
255,255,255,255,255,255,255,255,255,255,255,255,  0,255,

exit 000,dig_exit0
exit 000,dig_exit0
127,125,124,255,255,255,255,255,255,255,255,255,255,255,
125,255,255,255,255,255,255,255,255,255,255,255,255,255,
124,255,255,255,255,255,255,255,255,255,255,255,  4,255,
255,255,255,255,255,255,255,255,255,255,255,255,  3,255,
255,255,255,255,255,255,255,255,255,255,  4,  3,  2,  3,
255,255,255,255,255,255,255,255,255,255,255,255,  0,255,

127,125,124,123,255,255,255,255,255,255,255,255,255,255,
125,255,123,255,255,255,255,255,255,255,255,255,  5,255,
124,123,255,255,255,255,255,255,255,255,255,  5,  4,  5,
123,255,255,255,255,255,255,255,255,255,  5,255,  3,255,
255,255,255,255,255,255,255,255,255,  5,  4,  3,  2,  3,
255,255,255,255,255,255,255,255,255,255,  5,255,  0,255,

exit 000,dig_exit0
exit 000,dig_exit0
127,125,124,123,122,255,255,255,255,255,255,255,  6,255,
125,255,123,255,255,255,255,255,255,255,255,255,  5,255,
124,123,122,255,255,255,255,255,255,255,  6,  5,  4,  5,
123,255,255,255,255,255,255,255,255,255,  5,255,  3,255,
122,255,255,255,255,255,255,255,  6,  5,  4,  3,  2,  3,
255,255,255,255,255,255,255,255,255,255,  5,255,  0,255,

127,125,124,123,122,121,255,255,255,255,255,  7,  6,  7,
125,255,123,255,121,255,255,255,255,255,  7,255,  5,255,
124,123,122,121,255,255,255,255,255,  7,  6,  5,  4,  5,
123,255,121,255,255,255,255,255,  7,255,  5,255,  3,255,
122,121,255,255,255,255,255,  7,  6,  5,  4,  3,  2,  3,
121,255,255,255,255,255,255,255,  7,255,  5,255,  0,255,

exit 000,dig_exit0
exit 000,dig_exit0
127,125,124,123,122,121,120,255,255,255,  8,  7,  6,  7,
125,255,123,255,121,255,255,255,255,255,  7,255,  5,255,
124,123,122,121,120,255,255,255,  8,  7,  6,  5,  4,  5,
123,255,121,255,255,255,255,255,  7,255,  5,255,  3,255,
122,121,120,255,255,255,  8,  7,  6,  5,  4,  3,  2,  3,
121,255,255,255,255,255,255,255,  7,255,  5,255,  0,255,

127,125,124,123,122,121,120,119,255,  9,  8,  7,  6,  7,
125,255,123,255,121,255,119,255,  9,255,  7,255,  5,255,
124,123,122,121,120,119,255,  9,  8,  7,  6,  5,  4,  5,
123,255,121,255,119,255,  9,255,  7,255,  5,255,  3,255,
122,121,120,119,255,  9,  8,  7,  6,  5,  4,  3,  2,  3,
121,255,119,255,255,255,  9,255,  7,255,  5,255,  0,255,

exit 000,dig_exit0
00000000000000000010000000000000001111111111111000101010101010100011111111111110001010101010101000111111111111100000000000000000 
00000000000000000010000000000000001111111111111000101010101010100011111111111110001010101010101000111111111111100000000000000000 
00000000000000000010000000000000001111111111111000101010101010100011111111111110001010101010101000111111111111100000000000000000 
00000000000000000010000000000000001111111111111000101010101010100011111111111110001010101010101000111111111111100000000000000000 
00000000000000000010000000000000001111111111111000101010101010100011111111111110001010101010101000111111111111100000000000000000 
00000000000000000010000000000000001111111111111000101010101010100011111111111110001010101010101000111111111111100000000000000000 
00000000000000000010000000000000001111111111111000101010101010100011111111111110001010101010101000111111111111100000000000000000 
00000000000000000010000000000000001111111111111000101010101010100011111111111110001010101010101000111111111111100000000000000000 
00000000000000000010000000000000001111111111111000101010101010100011111111111110001010101010101000111111111111100000000000000000 
00000000000000000010000000000000001111111111111000101010101010100011111111111110001010101010101000111111111111100000000000000000 
00000000000000000010000000000000001111111111111000101010101010100011111111111110001010101010101000111111111111100000000000000000 
00000000000000000010000000000000001111111111111000101010101010100011111111111110001010101010101000111111111111100000000000000000 
00000000000000000010000000000000001111111111111000101010101010100011111111111110001010101010101000111111111111100000000000000000 
00000000000000000010000000000000001111111111111000101010101010100011111111111110001010101010101000111111111111100000000000000000 
00000000000000000010000000000000001111111111111000101010101010100011111111111110001010101010101000111111111111100000000000000000 
00000000000000000010000000000000001111111111111000101010101010100011111111111110001010101010101000111111111111100000000000000000 
00000000000000000010000000000000001111111111111000101010101010100011111111111110001010101010101000111111111111100000000000000000 
00000000000000000010000000000000001111111111111000101010101010100011111111111110001010101010101000111111111111100000000000000000 
00000000000000000010000000000000001111111111111000101010101010100011111111111110001010101010101000111111111111100000000000000000 
00000000000000000010000000000000001111111111111000101010101010100011111111111110001010101010101000111111111111100000000000000000 
00000000000000000010000000000000001111111111111000101010101010100011111111111110001010101010101000111111111111100000000000000000 
00000000000000000010000000000000001111111111111000101010101010100011111111111110001010101010101000111111111111100000000000000000 
00000000000000000010000000000000001111111111111000101010101010100011111111111110001010101010101000111111111111100000000000000000 
00000000000000000010000000000000001111111111111000101010101010100011111111111110001010101010101000111111111111100000000000000000 
00000000000000000010000000000000001111111111111000101010101010100011111111111110001010101010101000111111111111100000000000000000 
00000000000000000010000000000000001111111111111000101010101010100011111111111110001010101010101000111111111111100000000000000000 
00000000000000000010000000000000001111111111111000101010101010100011111111111110001010101010101000111111111111100000000000000000 
00000000000000000010000000000000001111111111111000101010101010100011111111111110001010101010101000111111111111100000000000000000 
00000000000000000010000000000000001111111111111000101010101010100011111111111110001010101010101000111111111111100000000000000000 
00000000000000000010000000000000001111111111111000101010101010100011111111111110001010101010101000111111111111100000000000000000 
00000000000000000010000000000000001111111111111000101010101010100011111111111110001010101010101000111111111111100000000000000000 
00000000000000000010000000000000001111111111111000101010101010100011111111111110001010101010101000111111111111100000000000000000 
exit 000,dig_exit1
127,125,124,123,122,121,120,119,118,  9,  8,  7,  6,  7,
125,255,123,255,121,255,119,255,  9,255,  7,255,  5,255,
124,123,122,121,120,119,118,  9,  8,  7,  6,  5,  4,  5,
123,255,121,255,119,255,  9,255,  7,255,  5,255,  3,255,
122,121,120,119,118,  9,  8,  7,  6,  5,  4,  3,  2,  3,
121,255,119,255,255,255,  9,255,  7,255,  5,255,  0,255,

127,125,124,123,122,121,120,119,118,  9,  8,  7,  6,255,
125,255,123,255,121,255,119,255,  9,255,  7,255,  5,255,
124,123,122,121,120,119,118,  9,  8,  7,  6,  5,  4,255,
123,255,121,255,119,255,  9,255,  7,255,  5,255,  3,255,
122,121,120,119,118,  9,  8,  7,  6,  5,  4,  3,  2,255,
255,255,255,255,255,255,255,255,255,255,255,255,  0,255,

exit 001,dig_exit1
00000000000000000010000000000000001111111111111000101010101010100011111111111110001010101010101000111111111111100000000000000000 
00000000000000000010000000000000001111111111111000101010101010100011111111111110001010101010101000111111111111100000000000000000 
00000000000000000010000000000000001111111111111000101010101010100011111111111110001010101010101000111111111111100000000000000000 
00000000000000000010000000000000001111111111111000101010101010100011111111111110001010101010101000111111111111100000000000000000 
00000000000000000010000000000000001111111111111000101010101010100011111111111110001010101010101000111111111111100000000000000000 
00000000000000000010000000000000001111111111111000101010101010100011111111111110001010101010101000111111111111100000000000000000 
00000000000000000010000000000000001111111111111000101010101010100011111111111110001010101010101000111111111111100000000000000000 
00000000000000000010000000000000001111111111111000101010101010100011111111111110001010101010101000111111111111100000000000000000 
00000000000000000010000000000000001111111111111000101010101010100011111111111110001010101010101000111111111111100000000000000000 
00000000000000000010000000000000001111111111111000101010101010100011111111111110001010101010101000111111111111100000000000000000 
00000000000000000010000000000000001111111111111000101010101010100011111111111110001010101010101000111111111111100000000000000000 
00000000000000000010000000000000001111111111111000101010101010100011111111111110001010101010101000111111111111100000000000000000 
00000000000000000010000000000000001111111111111000101010101010100011111111111110001010101010101000111111111111100000000000000000 
00000000000000000010000000000000001111111111111000101010101010100011111111111110001010101010101000111111111111100000000000000000 
00000000000000000010000000000000001111111111111000101010101010100011111111111110001010101010101000111111111111100000000000000000 
00000000000000000010000000000000001111111111111000101010101010100011111111111110001010101010101000111111111111100000000000000000 
00000000000000000010000000000000001111111111111000101010101010100011111111111110001010101010101000111111111111100000000000000000 
00000000000000000010000000000000001111111111111000101010101010100011111111111110001010101010101000111111111111100000000000000000 
00000000000000000010000000000000001111111111111000101010101010100011111111111110001010101010101000111111111111100000000000000000 
00000000000000000010000000000000001111111111111000101010101010100011111111111110001010101010101000111111111111100000000000000000 
127,125,124,123,122,121,120,119,118,  9,  8,  7,  6,255,
125,255,123,255,121,255,119,255,  9,255,  7,255,  5,255,
124,123,122,121,120,119,118,  9,  8,  7,  6,  5,  4,255,
123,255,121,255,119,255,  9,255,  7,255,  5,255,  3,255,
122,121,120,119,118,  9,  8,  7,  6,  5,  4,  3,  2,255,
255,255,255,255,255,255,255,255,255,255,255,255,  0,255,

start   17 goal  109
inout 1
move_out   33
start   17 goal  109
inout 1
move_out   49
start   17 goal  109
inout 1
move_out   65
start   17 goal  109
inout 1
move_out   81
start   17 goal  109
inout 1
move_out   82
start   17 goal  109
inout 1
move_out   83
start   17 goal  109
inout 1
move_out   84
start   17 goal  109
inout 1
move_out   85
start   17 goal  109
inout 1
move_out   86
start   17 goal  109
inout 1
move_out   87
start   17 goal  109
inout 1
move_out   88
start   17 goal  109
inout 1
move_out   89
start   17 goal  109
inout 1
move_out   90
start   17 goal  109
inout 1
move_out   91
start   17 goal  109
inout 1
move_out   92
start   17 goal  109
inout 1
move_out   93
start   17 goal  109
inout 1
move_out  109
start   17 goal  109
inout 0
bye
